11 1437553699451
21 1437553709451
19 1437553719451
65 1437553729451
21 1437553739451
0 1437553749451
54 1437553759451
40 1437553769451
37 1437553779451
27 1437553789451
50 1437553799451
23 1437553809451
85 1437553819451
90 1437553829451
56 1437553839451
7 1437553849451
86 1437553859451
68 1437553869451
23 1437553879451
10 1437553889451
75 1437553899451
96 1437553909451
40 1437553919451
74 1437553929451
75 1437553939451
27 1437553949451
97 1437553959451
92 1437553969451
94 1437553979451
5 1437553989451
62 1437553999451
94 1437554009451
71 1437554019451
12 1437554029451
26 1437554039451
34 1437554049451
80 1437554059451
0 1437554069451
33 1437554079451
75 1437554089451
47 1437554099451
56 1437554109451
24 1437554119451
17 1437554129451
69 1437554139451
70 1437554149451
55 1437554159451
33 1437554169451
59 1437554179451
59 1437554189451
7 1437554199451
11 1437554209451
84 1437554219451
22 1437554229451
48 1437554239451
65 1437554249451
2 1437554259451
19 1437554269451
13 1437554279451
65 1437554289451
20 1437554299451
76 1437554309451
82 1437554319451
14 1437554329451
57 1437554339451
64 1437554349451
40 1437554359451
83 1437554369451
68 1437554379451
64 1437554389451
27 1437554399451
98 1437554409451
11 1437554419451
88 1437554429451
86 1437554439451
81 1437554449451
11 1437554459451
58 1437554469451
85 1437554479451
64 1437554489451
66 1437554499451
98 1437554509451
35 1437554519451
79 1437554529451
44 1437554539451
74 1437554549451
64 1437554559451
17 1437554569451
76 1437554579451
76 1437554589451
89 1437554599451
18 1437554609451
43 1437554619451
70 1437554629451
44 1437554639451
5 1437554649451
71 1437554659451
70 1437554669451
11 1437554679451
99 1437554689451
97 1437554699451
12 1437554709451
39 1437554719451
17 1437554729451
85 1437554739451
69 1437554749451
59 1437554759451
4 1437554769451
16 1437554779451
71 1437554789451
47 1437554799451
0 1437554809451
84 1437554819451
63 1437554829451
83 1437554839451
94 1437554849451
44 1437554859451
19 1437554869451
89 1437554879451
95 1437554889451
70 1437554899451
12 1437554909451
75 1437554919451
19 1437554929451
6 1437554939451
47 1437554949451
58 1437554959451
15 1437554969451
22 1437554979451
52 1437554989451
1 1437554999451
39 1437555009451
20 1437555019451
87 1437555029451
54 1437555039451
19 1437555049451
37 1437555059451
17 1437555069451
14 1437555079451
93 1437555089451
66 1437555099451
4 1437555109451
4 1437555119451
93 1437555129451
84 1437555139451
8 1437555149451
63 1437555159451
25 1437555169451
43 1437555179451
25 1437555189451
99 1437555199451
7 1437555209451
48 1437555219451
60 1437555229451
66 1437555239451
97 1437555249451
21 1437555259451
14 1437555269451
59 1437555279451
56 1437555289451
37 1437555299451
52 1437555309451
92 1437555319451
29 1437555329451
16 1437555339451
50 1437555349451
60 1437555359451
14 1437555369451
82 1437555379451
4 1437555389451
29 1437555399451
93 1437555409451
67 1437555419451
50 1437555429451
40 1437555439451
94 1437555449451
80 1437555459451
63 1437555469451
20 1437555479451
51 1437555489451
85 1437555499451
94 1437555509451
53 1437555519451
6 1437555529451
70 1437555539451
61 1437555549451
9 1437555559451
59 1437555569451
21 1437555579451
76 1437555589451
65 1437555599451
35 1437555609451
62 1437555619451
65 1437555629451
6 1437555639451
89 1437555649451
29 1437555659451
29 1437555669451
32 1437555679451
77 1437555689451
65 1437555699451
4 1437555709451
99 1437555719451
35 1437555729451
18 1437555739451
5 1437555749451
60 1437555759451
33 1437555769451
54 1437555779451
34 1437555789451
40 1437555799451
65 1437555809451
18 1437555819451
79 1437555829451
4 1437555839451
30 1437555849451
60 1437555859451
62 1437555869451
14 1437555879451
82 1437555889451
92 1437555899451
12 1437555909451
96 1437555919451
46 1437555929451
99 1437555939451
7 1437555949451
49 1437555959451
94 1437555969451
52 1437555979451
63 1437555989451
38 1437555999451
71 1437556009451
70 1437556019451
70 1437556029451
76 1437556039451
91 1437556049451
12 1437556059451
4 1437556069451
44 1437556079451
12 1437556089451
19 1437556099451
16 1437556109451
12 1437556119451
66 1437556129451
39 1437556139451
71 1437556149451
63 1437556159451
23 1437556169451
33 1437556179451
35 1437556189451
68 1437556199451
25 1437556209451
73 1437556219451
23 1437556229451
49 1437556239451
15 1437556249451
65 1437556259451
82 1437556269451
51 1437556279451
48 1437556289451
92 1437556299451
29 1437556309451
99 1437556319451
49 1437556329451
17 1437556339451
31 1437556349451
95 1437556359451
94 1437556369451
12 1437556379451
0 1437556389451
43 1437556399451
81 1437556409451
55 1437556419451
58 1437556429451
0 1437556439451
62 1437556449451
19 1437556459451
52 1437556469451
11 1437556479451
99 1437556489451
98 1437556499451
96 1437556509451
15 1437556519451
60 1437556529451
49 1437556539451
53 1437556549451
40 1437556559451
24 1437556569451
59 1437556579451
34 1437556589451
99 1437556599451
68 1437556609451
17 1437556619451
83 1437556629451
86 1437556639451
96 1437556649451
73 1437556659451
2 1437556669451
50 1437556679451
51 1437556689451
18 1437556699451
33 1437556709451
74 1437556719451
94 1437556729451
42 1437556739451
10 1437556749451
36 1437556759451
42 1437556769451
78 1437556779451
11 1437556789451
87 1437556799451
65 1437556809451
3 1437556819451
89 1437556829451
39 1437556839451
92 1437556849451
38 1437556859451
90 1437556869451
56 1437556879451
83 1437556889451
55 1437556899451
40 1437556909451
1 1437556919451
49 1437556929451
63 1437556939451
4 1437556949451
72 1437556959451
30 1437556969451
92 1437556979451
30 1437556989451
92 1437556999451
94 1437557009451
42 1437557019451
14 1437557029451
28 1437557039451
25 1437557049451
43 1437557059451
10 1437557069451
12 1437557079451
2 1437557089451
76 1437557099451
44 1437557109451
44 1437557119451
49 1437557129451
60 1437557139451
71 1437557149451
47 1437557159451
76 1437557169451
83 1437557179451
37 1437557189451
61 1437557199451
33 1437557209451
11 1437557219451
86 1437557229451
96 1437557239451
15 1437557249451
63 1437557259451
49 1437557269451
49 1437557279451
32 1437557289451
84 1437557299451
45 1437557309451
9 1437557319451
60 1437557329451
80 1437557339451
84 1437557349451
6 1437557359451
36 1437557369451
11 1437557379451
84 1437557389451
21 1437557399451
64 1437557409451
2 1437557419451
42 1437557429451
61 1437557439451
94 1437557449451
68 1437557459451
57 1437557469451
37 1437557479451
41 1437557489451
44 1437557499451
7 1437557509451
76 1437557519451
42 1437557529451
44 1437557539451
50 1437557549451
46 1437557559451
3 1437557569451
8 1437557579451
58 1437557589451
16 1437557599451
38 1437557609451
50 1437557619451
99 1437557629451
21 1437557639451
13 1437557649451
97 1437557659451
75 1437557669451
68 1437557679451
92 1437557689451
42 1437557699451
78 1437557709451
93 1437557719451
74 1437557729451
39 1437557739451
90 1437557749451
3 1437557759451
50 1437557769451
21 1437557779451
82 1437557789451
40 1437557799451
90 1437557809451
37 1437557819451
51 1437557829451
61 1437557839451
34 1437557849451
38 1437557859451
7 1437557869451
78 1437557879451
48 1437557889451
18 1437557899451
10 1437557909451
98 1437557919451
60 1437557929451
5 1437557939451
2 1437557949451
96 1437557959451
0 1437557969451
9 1437557979451
22 1437557989451
68 1437557999451
25 1437558009451
80 1437558019451
75 1437558029451
13 1437558039451
64 1437558049451
76 1437558059451
88 1437558069451
41 1437558079451
27 1437558089451
49 1437558099451
16 1437558109451
44 1437558119451
28 1437558129451
63 1437558139451
42 1437558149451
55 1437558159451
13 1437558169451
49 1437558179451
33 1437558189451
4 1437558199451
43 1437558209451
93 1437558219451
54 1437558229451
2 1437558239451
54 1437558249451
63 1437558259451
68 1437558269451
78 1437558279451
33 1437558289451
14 1437558299451
18 1437558309451
61 1437558319451
11 1437558329451
88 1437558339451
75 1437558349451
94 1437558359451
73 1437558369451
35 1437558379451
75 1437558389451
24 1437558399451
58 1437558409451
96 1437558419451
34 1437558429451
13 1437558439451
14 1437558449451
61 1437558459451
8 1437558469451
43 1437558479451
23 1437558489451
96 1437558499451
52 1437558509451
84 1437558519451
79 1437558529451
90 1437558539451
69 1437558549451
29 1437558559451
51 1437558569451
6 1437558579451
83 1437558589451
51 1437558599451
20 1437558609451
90 1437558619451
94 1437558629451
25 1437558639451
81 1437558649451
16 1437558659451
23 1437558669451
42 1437558679451
97 1437558689451
54 1437558699451
8 1437558709451
8 1437558719451
15 1437558729451
52 1437558739451
5 1437558749451
71 1437558759451
72 1437558769451
32 1437558779451
12 1437558789451
12 1437558799451
96 1437558809451
68 1437558819451
65 1437558829451
38 1437558839451
61 1437558849451
56 1437558859451
1 1437558869451
6 1437558879451
53 1437558889451
71 1437558899451
97 1437558909451
63 1437558919451
78 1437558929451
32 1437558939451
40 1437558949451
12 1437558959451
45 1437558969451
38 1437558979451
33 1437558989451
99 1437558999451
1 1437559009451
32 1437559019451
54 1437559029451
84 1437559039451
30 1437559049451
96 1437559059451
23 1437559069451
46 1437559079451
47 1437559089451
18 1437559099451
87 1437559109451
87 1437559119451
84 1437559129451
45 1437559139451
66 1437559149451
78 1437559159451
56 1437559169451
47 1437559179451
52 1437559189451
90 1437559199451
2 1437559209451
74 1437559219451
37 1437559229451
70 1437559239451
71 1437559249451
52 1437559259451
22 1437559269451
31 1437559279451
14 1437559289451
87 1437559299451
31 1437559309451
51 1437559319451
88 1437559329451
38 1437559339451
63 1437559349451
24 1437559359451
83 1437559369451
95 1437559379451
70 1437559389451
10 1437559399451
54 1437559409451
65 1437559419451
61 1437559429451
15 1437559439451
90 1437559449451
87 1437559459451
21 1437559469451
96 1437559479451
16 1437559489451
20 1437559499451
54 1437559509451
88 1437559519451
20 1437559529451
46 1437559539451
79 1437559549451
12 1437559559451
46 1437559569451
79 1437559579451
64 1437559589451
34 1437559599451
19 1437559609451
38 1437559619451
88 1437559629451
84 1437559639451
51 1437559649451
67 1437559659451
96 1437559669451
69 1437559679451
86 1437559689451
42 1437559699451
68 1437559709451
44 1437559719451
41 1437559729451
28 1437559739451
42 1437559749451
29 1437559759451
32 1437559769451
1 1437559779451
9 1437559789451
88 1437559799451
42 1437559809451
38 1437559819451
88 1437559829451
37 1437559839451
13 1437559849451
1 1437559859451
75 1437559869451
89 1437559879451
47 1437559889451
55 1437559899451
47 1437559909451
52 1437559919451
90 1437559929451
73 1437559939451
4 1437559949451
84 1437559959451
28 1437559969451
71 1437559979451
80 1437559989451
79 1437559999451
31 1437560009451
72 1437560019451
51 1437560029451
94 1437560039451
77 1437560049451
8 1437560059451
97 1437560069451
88 1437560079451
84 1437560089451
21 1437560099451
14 1437560109451
2 1437560119451
53 1437560129451
97 1437560139451
18 1437560149451
16 1437560159451
58 1437560169451
81 1437560179451
50 1437560189451
82 1437560199451
70 1437560209451
7 1437560219451
71 1437560229451
77 1437560239451
73 1437560249451
22 1437560259451
51 1437560269451
49 1437560279451
34 1437560289451
38 1437560299451
81 1437560309451
77 1437560319451
94 1437560329451
67 1437560339451
34 1437560349451
93 1437560359451
57 1437560369451
52 1437560379451
26 1437560389451
73 1437560399451
31 1437560409451
53 1437560419451
16 1437560429451
6 1437560439451
22 1437560449451
42 1437560459451
8 1437560469451
54 1437560479451
87 1437560489451
67 1437560499451
27 1437560509451
69 1437560519451
48 1437560529451
88 1437560539451
56 1437560549451
95 1437560559451
13 1437560569451
30 1437560579451
21 1437560589451
1 1437560599451
99 1437560609451
33 1437560619451
36 1437560629451
71 1437560639451
94 1437560649451
9 1437560659451
9 1437560669451
53 1437560679451
94 1437560689451
16 1437560699451
99 1437560709451
55 1437560719451
42 1437560729451
46 1437560739451
60 1437560749451
12 1437560759451
91 1437560769451
75 1437560779451
77 1437560789451
30 1437560799451
73 1437560809451
31 1437560819451
65 1437560829451
39 1437560839451
21 1437560849451
0 1437560859451
45 1437560869451
59 1437560879451
78 1437560889451
29 1437560899451
70 1437560909451
94 1437560919451
31 1437560929451
59 1437560939451
68 1437560949451
3 1437560959451
65 1437560969451
55 1437560979451
81 1437560989451
86 1437560999451
11 1437561009451
48 1437561019451
26 1437561029451
51 1437561039451
79 1437561049451
27 1437561059451
12 1437561069451
12 1437561079451
67 1437561089451
22 1437561099451
82 1437561109451
17 1437561119451
93 1437561129451
44 1437561139451
86 1437561149451
52 1437561159451
48 1437561169451
14 1437561179451
35 1437561189451
35 1437561199451
77 1437561209451
58 1437561219451
11 1437561229451
31 1437561239451
42 1437561249451
52 1437561259451
3 1437561269451
18 1437561279451
73 1437561289451
61 1437561299451
28 1437561309451
13 1437561319451
89 1437561329451
81 1437561339451
35 1437561349451
21 1437561359451
71 1437561369451
14 1437561379451
26 1437561389451
90 1437561399451
56 1437561409451
87 1437561419451
74 1437561429451
23 1437561439451
62 1437561449451
23 1437561459451
93 1437561469451
33 1437561479451
49 1437561489451
30 1437561499451
29 1437561509451
63 1437561519451
3 1437561529451
51 1437561539451
75 1437561549451
23 1437561559451
45 1437561569451
20 1437561579451
18 1437561589451
51 1437561599451
11 1437561609451
47 1437561619451
56 1437561629451
60 1437561639451
95 1437561649451
94 1437561659451
4 1437561669451
96 1437561679451
90 1437561689451
33 1437561699451
25 1437561709451
86 1437561719451
54 1437561729451
52 1437561739451
50 1437561749451
3 1437561759451
35 1437561769451
56 1437561779451
91 1437561789451
28 1437561799451
33 1437561809451
56 1437561819451
17 1437561829451
90 1437561839451
3 1437561849451
58 1437561859451
6 1437561869451
68 1437561879451
60 1437561889451
16 1437561899451
0 1437561909451
79 1437561919451
24 1437561929451
80 1437561939451
28 1437561949451
76 1437561959451
81 1437561969451
95 1437561979451
31 1437561989451
44 1437561999451
43 1437562009451
13 1437562019451
93 1437562029451
85 1437562039451
97 1437562049451
87 1437562059451
70 1437562069451
93 1437562079451
72 1437562089451
27 1437562099451
10 1437562109451
50 1437562119451
59 1437562129451
37 1437562139451
40 1437562149451
49 1437562159451
12 1437562169451
12 1437562179451
68 1437562189451
5 1437562199451
89 1437562209451
27 1437562219451
83 1437562229451
73 1437562239451
66 1437562249451
73 1437562259451
32 1437562269451
98 1437562279451
8 1437562289451
60 1437562299451
60 1437562309451
78 1437562319451
96 1437562329451
58 1437562339451
90 1437562349451
9 1437562359451
58 1437562369451
39 1437562379451
53 1437562389451
18 1437562399451
92 1437562409451
60 1437562419451
3 1437562429451
12 1437562439451
87 1437562449451
24 1437562459451
89 1437562469451
75 1437562479451
30 1437562489451
64 1437562499451
13 1437562509451
94 1437562519451
15 1437562529451
25 1437562539451
76 1437562549451
22 1437562559451
2 1437562569451
46 1437562579451
32 1437562589451
32 1437562599451
83 1437562609451
94 1437562619451
65 1437562629451
86 1437562639451
76 1437562649451
15 1437562659451
20 1437562669451
31 1437562679451
53 1437562689451
85 1437562699451
84 1437562709451
50 1437562719451
65 1437562729451
34 1437562739451
23 1437562749451
16 1437562759451
22 1437562769451
22 1437562779451
54 1437562789451
81 1437562799451
8 1437562809451
96 1437562819451
33 1437562829451
90 1437562839451
3 1437562849451
83 1437562859451
54 1437562869451
37 1437562879451
16 1437562889451
87 1437562899451
8 1437562909451
88 1437562919451
95 1437562929451
8 1437562939451
56 1437562949451
15 1437562959451
22 1437562969451
86 1437562979451
83 1437562989451
56 1437562999451
1 1437563009451
20 1437563019451
59 1437563029451
40 1437563039451
13 1437563049451
30 1437563059451
5 1437563069451
84 1437563079451
67 1437563089451
9 1437563099451
88 1437563109451
31 1437563119451
80 1437563129451
30 1437563139451
73 1437563149451
7 1437563159451
39 1437563169451
28 1437563179451
22 1437563189451
32 1437563199451
84 1437563209451
56 1437563219451
13 1437563229451
24 1437563239451
79 1437563249451
6 1437563259451
73 1437563269451
21 1437563279451
28 1437563289451
89 1437563299451
72 1437563309451
2 1437563319451
34 1437563329451
48 1437563339451
42 1437563349451
33 1437563359451
93 1437563369451
4 1437563379451
41 1437563389451
78 1437563399451
87 1437563409451
43 1437563419451
90 1437563429451
56 1437563439451
44 1437563449451
3 1437563459451
59 1437563469451
56 1437563479451
15 1437563489451
40 1437563499451
84 1437563509451
39 1437563519451
97 1437563529451
56 1437563539451
37 1437563549451
50 1437563559451
7 1437563569451
45 1437563579451
41 1437563589451
78 1437563599451
4 1437563609451
61 1437563619451
98 1437563629451
66 1437563639451
16 1437563649451
21 1437563659451
84 1437563669451
72 1437563679451
34 1437563689451
